discret: 0.005475671783588062 s
quant: 0.01289 V
experiment time: 4.747 s
